Name,Method,DecoyBrief
Beacon,Real word,Living Standard
Cadence,Real word,Living Standard
Meridian,Real word,Living Standard
Keel,Real word,Living Standard
Temper,Real word,Living Standard
Signal,Real word,Living Standard
Compass,Real word,Living Standard
Relay,Real word,Living Standard
Ledger,Real word,Living Standard
Loom,Real word,Living Standard
Plumb,Real word,Living Standard
Aperture,Real word,Living Standard
Verity,Real word,Living Standard
Orbit,Real word,Living Standard
Accord,Real word,Living Standard
Praxis,Real word,Living Standard
Sentry,Real word,Living Standard
Criterion,Real word,Living Standard
Tuning,Real word,Living Standard
Rivet,Real word,Living Standard
Cadentra,Altered word,Living Standard
Meridia,Altered word,Living Standard
Novanta,Altered word,Living Standard
Qualora,Altered word,Living Standard
Adaptra,Altered word,Living Standard
Vervana,Altered word,Living Standard
Lentera,Altered word,Living Standard
Modera,Altered word,Living Standard
Sentrex,Altered word,Living Standard
Evolune,Altered word,Living Standard
Clarivo,Altered word,Living Standard
Amendra,Altered word,Living Standard
Iterra,Altered word,Living Standard
Vigilo,Altered word,Living Standard
Accordia,Altered word,Living Standard
Futurae,Altered word,Living Standard
Calibra,Altered word,Living Standard
Axiona,Altered word,Living Standard
Relevia,Altered word,Living Standard
Orbiset,Altered word,Living Standard
Northkeeper,Compound,Living Standard
Signalcraft,Compound,Living Standard
Brightledger,Compound,Living Standard
Everwell,Compound,Living Standard
Newfoundry,Compound,Living Standard
Beaconline,Compound,Living Standard
Watchgarden,Compound,Living Standard
Knowledge Loom,Compound,Living Standard
Open Compass,Compound,Living Standard
Future Keel,Compound,Living Standard
Horizon Guild,Compound,Living Standard
Second Draft,Compound,Living Standard
Forward Measure,Compound,Living Standard
Better Weather,Compound,Living Standard
Fresh Accord,Compound,Living Standard
Wise Relay,Compound,Living Standard
Living Atlas,Compound,Living Standard
Velvet Gauge,Compound,Living Standard
Lantern Office,Compound,Living Standard
Field & Form,Compound,Living Standard
The Lighthouse,Metaphor,Living Standard
Moving North,Metaphor,Living Standard
Greenhouse Mind,Metaphor,Living Standard
Orchard Signal,Metaphor,Living Standard
Tidal Clock,Metaphor,Living Standard
Weather Vane,Metaphor,Living Standard
Brass Horizon,Metaphor,Living Standard
Wakeful Harbor,Metaphor,Living Standard
The Long View,Metaphor,Living Standard
Turning Leaf,Metaphor,Living Standard
Morning Foundry,Metaphor,Living Standard
Clear Wake,Metaphor,Living Standard
River Marker,Metaphor,Living Standard
The Watchfire,Metaphor,Living Standard
Open Season,Metaphor,Living Standard
Migrating Star,Metaphor,Living Standard
Active Archive,Metaphor,Living Standard
Breathing Map,Metaphor,Living Standard
Ember Council,Metaphor,Living Standard
North by Tomorrow,Metaphor,Living Standard
Permanent Draft,Paradox,Living Standard
Stable Motion,Paradox,Living Standard
Quiet Alarm,Paradox,Living Standard
Ancient Future,Paradox,Living Standard
Firmly Fluid,Paradox,Living Standard
Fixed Horizon,Paradox,Living Standard
Restless Anchor,Paradox,Living Standard
Patient Urgency,Paradox,Living Standard
Gentle Edge,Paradox,Living Standard
Known Unknown,Paradox,Living Standard
Calm Revision,Paradox,Living Standard
Solid Air,Paradox,Living Standard
New Tradition,Paradox,Living Standard
Elastic Rule,Paradox,Living Standard
Timeless Next,Paradox,Living Standard
Fresh Legacy,Paradox,Living Standard
Ordered Wild,Paradox,Living Standard
Steady Spark,Paradox,Living Standard
Useful Doubt,Paradox,Living Standard
Awake Foundation,Paradox,Living Standard
Ahead of Habit,Proposition,Living Standard
Keep Becoming,Proposition,Living Standard
Made to Evolve,Proposition,Living Standard
Never Settled,Proposition,Living Standard
Worth Revisiting,Proposition,Living Standard
Built for Better,Proposition,Living Standard
Ready When New,Proposition,Living Standard
Always in Review,Proposition,Living Standard
What Comes Next,Proposition,Living Standard
Mind the Horizon,Proposition,Living Standard
Meet Tomorrow,Proposition,Living Standard
Stay Awake,Proposition,Living Standard
Make Room,Proposition,Living Standard
Past the Familiar,Proposition,Living Standard
Onward by Nature,Proposition,Living Standard
For the Record,Proposition,Living Standard
By Better Light,Proposition,Living Standard
From Here Forward,Proposition,Living Standard
At the Ready,Proposition,Living Standard
Until Further Notice,Proposition,Living Standard
The Curator,Personification,Living Standard
The Steward,Personification,Living Standard
The Lookout,Personification,Living Standard
The Editor,Personification,Living Standard
The Pathfinder,Personification,Living Standard
The Examiner,Personification,Living Standard
The Gardener,Personification,Living Standard
The Cartographer,Personification,Living Standard
The Listener,Personification,Living Standard
The Scout,Personification,Living Standard
The Custodian,Personification,Living Standard
The Refiner,Personification,Living Standard
The Navigator,Personification,Living Standard
The Watchmaker,Personification,Living Standard
The Convenor,Personification,Living Standard
The Interpreter,Personification,Living Standard
The Archivist,Personification,Living Standard
The Helmsman,Personification,Living Standard
The Naturalist,Personification,Living Standard
The Wayfinder,Personification,Living Standard
Vela,Sound coinage,Living Standard
Numa,Sound coinage,Living Standard
Kivo,Sound coinage,Living Standard
Aro,Sound coinage,Living Standard
Sova,Sound coinage,Living Standard
Tero,Sound coinage,Living Standard
Onda,Sound coinage,Living Standard
Elio,Sound coinage,Living Standard
Vara,Sound coinage,Living Standard
Runo,Sound coinage,Living Standard
Zeva,Sound coinage,Living Standard
Mirova,Sound coinage,Living Standard
Avori,Sound coinage,Living Standard
Tavo,Sound coinage,Living Standard
Lumio,Sound coinage,Living Standard
Cera,Sound coinage,Living Standard
Ovio,Sound coinage,Living Standard
Nexo,Sound coinage,Living Standard
Riva,Sound coinage,Living Standard
Seno,Sound coinage,Living Standard
Almanac House,Cultural frame,Living Standard
Agora North,Cultural frame,Living Standard
Renaissance Room,Cultural frame,Living Standard
Salon Tomorrow,Cultural frame,Living Standard
Atlas Assembly,Cultural frame,Living Standard
Guild of Next,Cultural frame,Living Standard
Civic Lantern,Cultural frame,Living Standard
The New Academy,Cultural frame,Living Standard
Modern Monastery,Cultural frame,Living Standard
Cabinet of Change,Cultural frame,Living Standard
Common Table,Cultural frame,Living Standard
Field School,Cultural frame,Living Standard
Longhouse Lab,Cultural frame,Living Standard
Observatory Club,Cultural frame,Living Standard
Parliament of Ideas,Cultural frame,Living Standard
The Update Society,Cultural frame,Living Standard
House of Revision,Cultural frame,Living Standard
Workshop Eternal,Cultural frame,Living Standard
Forum Forward,Cultural frame,Living Standard
Library Alive,Cultural frame,Living Standard
Cambium,Natural system,Living Standard
Mycelium,Natural system,Living Standard
Flywheel,Natural system,Living Standard
Headwater,Natural system,Living Standard
Springtide,Natural system,Living Standard
Treeline,Natural system,Living Standard
Watershed,Natural system,Living Standard
Canopy,Natural system,Living Standard
Fireweed,Natural system,Living Standard
Daybreak,Natural system,Living Standard
Blue Hour,Natural system,Living Standard
New Moon,Natural system,Living Standard
Peregrine,Natural system,Living Standard
Kingfisher,Natural system,Living Standard
Sunward,Natural system,Living Standard
Windrose,Natural system,Living Standard
Tidepool,Natural system,Living Standard
Snowmelt,Natural system,Living Standard
Evergreen,Natural system,Living Standard
Crosswind,Natural system,Living Standard
Northmark,Navigation,Living Standard
Leading Edge,Navigation,Living Standard
Mile Zero,Navigation,Living Standard
New Bearing,Navigation,Living Standard
Compass Rose,Navigation,Living Standard
Latitude One,Navigation,Living Standard
Sightline,Navigation,Living Standard
Sounding Board,Navigation,Living Standard
Plot Point,Navigation,Living Standard
Parallax,Navigation,Living Standard
Datum,Navigation,Living Standard
Zenith,Navigation,Living Standard
Sextant,Navigation,Living Standard
Waypoint,Navigation,Living Standard
Trailhead,Navigation,Living Standard
Foremark,Navigation,Living Standard
Coursewise,Navigation,Living Standard
Vector House,Navigation,Living Standard
Longitudinal,Navigation,Living Standard
Triangulum,Navigation,Living Standard
Margin Note,Editorial metaphor,Living Standard
New Edition,Editorial metaphor,Living Standard
The Errata,Editorial metaphor,Living Standard
Footnote Forward,Editorial metaphor,Living Standard
Appendix Anew,Editorial metaphor,Living Standard
Open Folio,Editorial metaphor,Living Standard
Daily Marginalia,Editorial metaphor,Living Standard
Rewritten,Editorial metaphor,Living Standard
Palimpsest,Editorial metaphor,Living Standard
Colophon,Editorial metaphor,Living Standard
Verso,Editorial metaphor,Living Standard
Recto,Editorial metaphor,Living Standard
Living Index,Editorial metaphor,Living Standard
Wise Margin,Editorial metaphor,Living Standard
Edition House,Editorial metaphor,Living Standard
Pencil & Ink,Editorial metaphor,Living Standard
Redline,Editorial metaphor,Living Standard
Addendum,Editorial metaphor,Living Standard
Chapter Next,Editorial metaphor,Living Standard
The Sourcebook,Editorial metaphor,Living Standard
Forgewell,Craft metaphor,Living Standard
Tempered Light,Craft metaphor,Living Standard
New Alloy,Craft metaphor,Living Standard
Living Brass,Craft metaphor,Living Standard
Fine Tolerance,Craft metaphor,Living Standard
The Workbench,Craft metaphor,Living Standard
Master Gauge,Craft metaphor,Living Standard
Open Kiln,Craft metaphor,Living Standard
Anvil & Air,Craft metaphor,Living Standard
Polished Edge,Craft metaphor,Living Standard
Honest Joinery,Craft metaphor,Living Standard
Turning House,Craft metaphor,Living Standard
The Millwright,Craft metaphor,Living Standard
Foundry Nine,Craft metaphor,Living Standard
Better Grain,Craft metaphor,Living Standard
Second Temper,Craft metaphor,Living Standard
Hand & Compass,Craft metaphor,Living Standard
Lapidary,Craft metaphor,Living Standard
Kintsugi House,Craft metaphor,Living Standard
New Patina,Craft metaphor,Living Standard
Now & Again,Temporal play,Living Standard
Tomorrowwise,Temporal play,Living Standard
Evernext,Temporal play,Living Standard
Soonward,Temporal play,Living Standard
Nextday,Temporal play,Living Standard
Continuum House,Temporal play,Living Standard
Perennial,Temporal play,Living Standard
Epoch & Hour,Temporal play,Living Standard
After Today,Temporal play,Living Standard
Day One Again,Temporal play,Living Standard
The Next Cycle,Temporal play,Living Standard
Long Now,Temporal play,Living Standard
New Meanwhile,Temporal play,Living Standard
Always Becoming,Temporal play,Living Standard
Recency Bias,Temporal play,Living Standard
Clock & Compass,Temporal play,Living Standard
Before Later,Temporal play,Living Standard
Future Anterior,Temporal play,Living Standard
Next Season,Temporal play,Living Standard
Ongoing,Temporal play,Living Standard
Council Nine,Institutional frame,Living Standard
Open Assembly,Institutional frame,Living Standard
Concord Works,Institutional frame,Living Standard
Civic Method,Institutional frame,Living Standard
Common Practice,Institutional frame,Living Standard
Public Reason,Institutional frame,Living Standard
Mutual North,Institutional frame,Living Standard
House Meridian,Institutional frame,Living Standard
New Faculty,Institutional frame,Living Standard
Good Office,Institutional frame,Living Standard
Modern Charter,Institutional frame,Living Standard
Peer House,Institutional frame,Living Standard
Accord Works,Institutional frame,Living Standard
The Roundtable,Institutional frame,Living Standard
Considered Company,Institutional frame,Living Standard
Collective Sense,Institutional frame,Living Standard
Wise Bureau,Institutional frame,Living Standard
Human Measure,Institutional frame,Living Standard
Shared Horizon,Institutional frame,Living Standard
Open Council,Institutional frame,Living Standard
Helix,Science metaphor,Living Standard
Vector,Science metaphor,Living Standard
Delta,Science metaphor,Living Standard
Gradient,Science metaphor,Living Standard
Lens,Science metaphor,Living Standard
Flux,Science metaphor,Living Standard
Catalyst,Science metaphor,Living Standard
Quorum,Science metaphor,Living Standard
Mosaic,Science metaphor,Living Standard
Prism,Science metaphor,Living Standard
Spectrum,Science metaphor,Living Standard
Phase Shift,Science metaphor,Living Standard
Systema,Science metaphor,Living Standard
Signal Bloom,Science metaphor,Living Standard
Beta Garden,Science metaphor,Living Standard
Modular Mind,Science metaphor,Living Standard
Version Wild,Science metaphor,Living Standard
Neural Grove,Science metaphor,Living Standard
Adaptive Arc,Science metaphor,Living Standard
Knowledge Engine,Science metaphor,Living Standard
Second Act,Performance frame,Living Standard
Encore Ahead,Performance frame,Living Standard
Rehearsal Room,Performance frame,Living Standard
New Repertoire,Performance frame,Living Standard
Open Score,Performance frame,Living Standard
Tempo House,Performance frame,Living Standard
Improvised Order,Performance frame,Living Standard
The Conductor,Performance frame,Living Standard
Counterpoint,Performance frame,Living Standard
Key Change,Performance frame,Living Standard
Fresh Press,Culinary frame,Living Standard
Test Kitchen,Culinary frame,Living Standard
Perpetual Mise,Culinary frame,Living Standard
The Tasting Room,Culinary frame,Living Standard
Recipe for Tomorrow,Culinary frame,Living Standard
Culture Starter,Culinary frame,Living Standard
Sourdough Mind,Culinary frame,Living Standard
Seasoned New,Culinary frame,Living Standard
Living Menu,Culinary frame,Living Standard
Next Course,Culinary frame,Living Standard
Everna,Coinage,Living Standard
Novara,Coinage,Living Standard
Curantis,Coinage,Living Standard
Veyra,Coinage,Living Standard
Accorda,Coinage,Living Standard
Onerra,Coinage,Living Standard
Calivant,Coinage,Living Standard
Lumera,Coinage,Living Standard
Trevail,Coinage,Living Standard
Orenda,Coinage,Living Standard
Sovanta,Coinage,Living Standard
Morrowen,Coinage,Living Standard
Avenor,Coinage,Living Standard
Velora,Coinage,Living Standard
Nexora,Coinage,Living Standard
Emergentia,Coinage,Living Standard
Verden,Coinage,Living Standard
Axora,Coinage,Living Standard
Cadenza,Coinage,Living Standard
Olvara,Coinage,Living Standard
Open Arc,Spatial metaphor,Living Standard
North Window,Spatial metaphor,Living Standard
Moving Frame,Spatial metaphor,Living Standard
Clear Span,Spatial metaphor,Living Standard
New Angle,Spatial metaphor,Living Standard
Golden Interval,Spatial metaphor,Living Standard
Third Horizon,Spatial metaphor,Living Standard
Wide Aperture,Spatial metaphor,Living Standard
Center Forward,Spatial metaphor,Living Standard
Beyond Square,Spatial metaphor,Living Standard
Round Corner,Spatial metaphor,Living Standard
Living Grid,Spatial metaphor,Living Standard
Future Room,Spatial metaphor,Living Standard
Elastic Space,Spatial metaphor,Living Standard
Pattern Break,Spatial metaphor,Living Standard
Prime Meridian,Spatial metaphor,Living Standard
Long Radius,Spatial metaphor,Living Standard
Second Axis,Spatial metaphor,Living Standard
New Dimension,Spatial metaphor,Living Standard
Hinge Point,Spatial metaphor,Living Standard
Morrowlight,Poetic coinage,Living Standard
Wake & Wonder,Poetic phrase,Living Standard
Bright Patience,Poetic phrase,Living Standard
The Unfinished,Poetic phrase,Living Standard
Room for Tomorrow,Poetic phrase,Living Standard
Ever Aware,Poetic phrase,Living Standard
Nextness,Poetic coinage,Living Standard
Lucid Motion,Poetic phrase,Living Standard
Good Change,Poetic phrase,Living Standard
Deeply New,Poetic phrase,Living Standard
The Listening Edge,Poetic phrase,Living Standard
Freshly Ground,Poetic phrase,Living Standard
Wise After,Poetic phrase,Living Standard
Morning Measure,Poetic phrase,Living Standard
Held Open,Poetic phrase,Living Standard
A Better Then,Poetic phrase,Living Standard
As We Learn,Poetic phrase,Living Standard
Lasting Curiosity,Poetic phrase,Living Standard
The Wakeful,Poetic phrase,Living Standard
On Becoming,Poetic phrase,Living Standard
